5 2 4 6 1 7 5 9 3 11 
5 2 5 21 6 15 12 24 7 1 
5 2 6 35 0 30 29 27 25 23 
5 2 7 21 13 26 44 45 40 25 
5 2 8 23 59 42 55 57 30 6 
5 3 4 11 7 0 2 15 1 3 4 
5 3 5 19 2 15 6 14 8 11 17 
5 3 6 22 11 20 24 14 6 27 21 
5 3 7 48 47 36 42 41 38 37 35 
5 3 8 57 62 46 60 59 63 58 56 
6 2 4 15 6 5 12 4 3 9 2 
6 2 5 2 9 21 19 12 4 3 7 
6 2 6 27 35 33 31 30 29 25 23 
6 2 7 40 39 45 33 43 16 46 41 
6 2 8 30 12 11 62 51 13 15 5 
6 3 4 9 10 8 3 15 5 12 0 4 
6 3 5 9 15 1 17 12 19 18 24 11 
6 3 6 17 33 31 30 35 0 25 24 23 
6 3 7 21 30 35 43 36 9 13 23 4 
6 3 8 23 37 40 58 5 27 51 30 33 
6 4 4 2 1 7 6 9 5 14 13 12 11 
6 4 5 5 8 16 15 21 23 19 17 24 7 
6 4 6 35 10 5 8 1 32 7 24 21 13 
6 4 7 20 33 46 23 21 31 24 28 47 6 
6 4 8 57 56 32 54 62 61 60 59 63 58 
7 2 4 4 0 2 11 1 6 3 8 10 
7 2 5 19 3 12 24 14 15 8 18 10 
7 2 6 12 32 33 30 28 27 25 23 35 
7 2 7 47 34 43 15 37 40 32 30 29 
7 2 8 42 54 63 60 24 16 56 3 37 
7 3 4 7 9 3 8 12 15 5 10 13 6 
7 3 5 6 8 12 5 18 17 22 14 1 19 
7 3 6 23 15 28 22 2 10 5 16 0 34 
7 3 7 39 5 22 27 32 11 37 21 2 45 
7 3 8 17 61 28 54 23 26 20 59 16 60 
7 4 4 7 4 15 8 1 0 12 2 13 14 10 
7 4 5 3 9 24 7 0 8 2 23 6 16 14 
7 4 6 30 35 34 33 32 29 27 25 23 22 21 
7 4 7 35 48 44 45 0 14 39 38 10 29 17 
7 4 8 49 62 61 48 59 58 57 56 55 54 53 
8 2 4 15 11 14 6 8 1 10 9 4 12 
8 2 5 11 3 21 20 8 18 13 24 14 12 
8 2 6 35 34 32 31 28 27 26 1 24 22 
8 2 7 37 36 46 10 40 39 38 35 27 24 
8 2 8 8 45 34 35 52 60 54 62 16 40 
8 3 4 3 11 6 12 0 15 5 7 8 14 2 
8 3 5 12 14 24 0 8 3 15 13 10 19 22 
8 3 6 24 20 29 12 25 11 28 19 17 15 33 
8 3 7 29 23 12 44 36 13 10 47 8 31 15 
8 3 8 20 27 14 16 47 59 18 36 21 26 28 
8 4 4 3 8 5 13 9 0 11 12 10 7 4 6 
8 4 5 1 0 5 24 12 15 10 23 21 18 17 14 
8 4 6 25 19 5 14 35 33 22 4 27 16 21 12 
8 4 7 18 22 38 25 30 47 3 13 6 5 37 2 
8 4 8 58 57 56 55 54 49 29 62 61 1 50 52 
10 2 4 12 6 9 5 0 13 7 8 15 10 14 1 
10 2 5 17 0 14 7 2 9 13 10 22 21 19 16 
10 2 6 11 25 31 33 35 34 7 30 3 28 2 24 
10 2 7 3 10 31 6 24 30 18 45 35 4 39 41 
10 2 8 14 48 45 13 19 26 21 28 5 23 8 42 
10 3 4 4 14 8 13 0 3 7 15 9 6 1 11 5 
10 3 5 1 0 8 14 16 24 22 21 19 18 17 15 11 
10 3 6 3 18 23 16 6 15 25 1 20 9 4 26 17 
10 3 7 38 35 47 33 46 48 24 40 39 32 30 29 21 
10 3 8 50 19 58 41 48 16 51 56 24 53 61 60 52 
10 4 4 5 0 7 6 2 4 15 14 13 12 11 10 9 8 
10 4 5 7 11 14 13 16 18 21 23 24 10 19 17 15 12 
10 4 6 28 25 9 19 24 18 34 32 15 6 22 27 35 1 
10 4 7 18 13 46 1 37 35 16 12 10 44 0 38 32 11 
10 4 8 55 30 11 7 57 35 50 42 56 33 37 54 45 49 
10 5 4 15 5 6 3 14 12 2 1 11 10 0 8 13 7 4 
10 5 5 0 2 4 8 7 6 21 20 18 24 17 22 9 14 12 
10 5 6 22 20 17 25 28 27 30 33 35 34 31 29 26 24 16 
10 5 7 12 17 29 26 31 23 19 9 48 43 35 15 7 6 5 
10 5 8 22 52 0 19 57 60 31 41 32 9 47 25 37 18 5 
10 6 4 9 4 13 1 10 15 7 8 0 5 11 6 14 12 2 3 
10 6 5 6 9 15 14 5 24 23 10 21 20 0 18 16 13 12 8 
10 6 6 35 34 23 10 13 18 27 11 22 14 33 28 32 5 15 21 
10 6 7 30 35 34 41 44 43 48 29 23 17 42 40 45 38 37 36 
10 6 8 55 10 36 9 39 8 17 28 19 34 6 46 29 52 11 15 
